# https://journals.aps.org/prd/abstract/10.1103/PhysRevD.102.062005
# log10 E[eV] N Ncorr J \pm stat dex [km-2 yr-1 sr-1 eV-1]
18.45 83143 76176 1.9383 0.0067 -0.0067 1.e-18
18.55 47500 44904 9.076 0.042 -0.041 1.e-19
18.65 28657 26843 4.310 0.025 -0.025 1.e-19
18.75 17843 16970 2.164 0.016 -0.016 1.e-19
18.85 12435 12109 1.227 0.011 -0.011 1.e-19
18.95 8715 8515 6.852 0.074 -0.073 1.e-20
19.05 6050 5939 3.796 0.049 -0.049 1.e-20
19.15 4111 4048 2.055 0.032 -0.032 1.e-20
19.25 2620 2567 1.035 0.021 -0.020 1.e-20
19.35 1691 1664 0.533 0.013 -0.013 1.e-20
19.45 991 979 2.492 0.081 -0.079 1.e-21
19.55 624 619 1.252 0.052 -0.050 1.e-21
19.65 372 373 5.98 0.32 -0.31 1.e-22
19.75 156 152 1.93 0.17 -0.15 1.e-22
19.85 83 80 8.10 0.99 -0.88 1.e-23
19.95 24 23 1.86 0.46 -0.38 1.e-23
20.05 9 9 5.5 2.5 -1.8 1.e-24
20.15 6 6 2.9 1.7 -1.2 1.e-24
#20.25 0 0 < 9.5  10-25
#20.35 0 0 < 7.5  10-25
